>>> from module_sorting import bubblesort, seleksi, quicksort, mergesort, insertsort
>>> a = [35,3,40,55,12,8,79,64]
>>> insertsot(a)
Traceback (most recent call last):
  File "<stdin>", line 1, in <module>
NameError: name 'insertsot' is not defined
>>> insertsort(a)
[35, 3, 40, 55, 12, 8, 79, 64]
[35, 3, 40, 55, 12, 8, 79, 64]
[35, 3, 40, 55, 12, 79, 64, 8]
[35, 3, 40, 55, 79, 64, 12, 8]
[35, 3, 40, 79, 64, 55, 12, 8]
[35, 3, 79, 64, 55, 40, 12, 8]
[35, 79, 64, 55, 40, 12, 8, 3]
[79, 64, 55, 40, 35, 12, 8, 3]
>>> b = [10,88,23,49,76,100,35]
>>> mergesort(b)
memecah [10, 88, 23, 49, 76, 100, 35]
memecah [10, 88, 23]
memecah [10]
memecah [88, 23]
memecah [88]
memecah [23]
menggabungkan [88, 23]
menggabungkan [88, 23, 10]
memecah [49, 76, 100, 35]
memecah [49, 76]
memecah [49]
memecah [76]
menggabungkan [76, 49]
memecah [100, 35]
memecah [100]
memecah [35]
menggabungkan [100, 35]
menggabungkan [100, 76, 49, 35]
menggabungkan [100, 88, 76, 49, 35, 23, 10]
>>> c=[68,99,70,47,2,14,84,26]
>>> quicksort(c,0,len(c)-1)
[68, 99, 70, 47, 2, 14, 84, 26]
[99, 68, 70, 47, 2, 14, 84, 26]
[99, 68, 70, 47, 2, 14, 84, 26]
[99, 68, 70, 2, 47, 14, 84, 26]
[99, 68, 70, 14, 47, 2, 84, 26]
[99, 68, 70, 84, 47, 2, 14, 26]
>>> lis=[54,26,93,17,77,31,44,55,20,21,34,65,70,88,100,49]
>>> seleksi(lis)
1 [17, 26, 93, 54, 77, 31, 44, 55, 20, 21, 34, 65, 70, 88, 100, 49]
2 [17, 20, 93, 54, 77, 31, 44, 55, 26, 21, 34, 65, 70, 88, 100, 49]
3 [17, 20, 21, 54, 77, 31, 44, 55, 26, 93, 34, 65, 70, 88, 100, 49]
4 [17, 20, 21, 26, 77, 31, 44, 55, 54, 93, 34, 65, 70, 88, 100, 49]
5 [17, 20, 21, 26, 31, 77, 44, 55, 54, 93, 34, 65, 70, 88, 100, 49]
6 [17, 20, 21, 26, 31, 34, 44, 55, 54, 93, 77, 65, 70, 88, 100, 49]
7 [17, 20, 21, 26, 31, 34, 44, 55, 54, 93, 77, 65, 70, 88, 100, 49]
8 [17, 20, 21, 26, 31, 34, 44, 49, 54, 93, 77, 65, 70, 88, 100, 55]
9 [17, 20, 21, 26, 31, 34, 44, 49, 54, 93, 77, 65, 70, 88, 100, 55]
10 [17, 20, 21, 26, 31, 34, 44, 49, 54, 55, 77, 65, 70, 88, 100, 93]
11 [17, 20, 21, 26, 31, 34, 44, 49, 54, 55, 65, 77, 70, 88, 100, 93]
12 [17, 20, 21, 26, 31, 34, 44, 49, 54, 55, 65, 70, 77, 88, 100, 93]
13 [17, 20, 21, 26, 31, 34, 44, 49, 54, 55, 65, 70, 77, 88, 100, 93]
14 [17, 20, 21, 26, 31, 34, 44, 49, 54, 55, 65, 70, 77, 88, 100, 93]
15 [17, 20, 21, 26, 31, 34, 44, 49, 54, 55, 65, 70, 77, 88, 93, 100]
>>> list2=[32,3,15,4,33,18,5,38]
>>> bubblesort(list2)
1 [3, 15, 4, 32, 18, 5, 33, 38]
2 [3, 4, 15, 18, 5, 32, 33, 38]
3 [3, 4, 15, 5, 18, 32, 33, 38]
4 [3, 4, 5, 15, 18, 32, 33, 38]
5 [3, 4, 5, 15, 18, 32, 33, 38]
6 [3, 4, 5, 15, 18, 32, 33, 38]
7 [3, 4, 5, 15, 18, 32, 33, 38]
>>> 

